7.25820700E+00
7.25759736E+00
7.25595812E+00
7.25328929E+00
7.24959085E+00
7.24486278E+00
7.23910510E+00
7.23231776E+00
7.22450078E+00
7.21565412E+00
7.20577778E+00
7.19487173E+00
7.18293594E+00
7.16997040E+00
7.15597506E+00
7.14094988E+00
7.12489482E+00
7.10780984E+00
7.08969486E+00
7.07054982E+00
7.05037463E+00
7.02916921E+00
7.00693345E+00
6.98366723E+00
6.95937041E+00
6.93404285E+00
6.90768438E+00
6.88029480E+00
6.85187391E+00
6.82242146E+00
6.79193721E+00
6.76042085E+00
6.72787208E+00
6.69429054E+00
6.65967586E+00
6.62402760E+00
6.58734532E+00
6.54962852E+00
6.51087664E+00
6.47108911E+00
6.43026529E+00
6.38840447E+00
6.34550592E+00
6.30156883E+00
6.25659233E+00
6.21057548E+00
6.16351728E+00
6.11541665E+00
6.06627243E+00
6.01608339E+00
5.96484820E+00
5.91256545E+00
5.85923363E+00
5.80485113E+00
5.74941623E+00
5.69292711E+00
5.63538183E+00
5.57677831E+00
5.51711438E+00
5.45638771E+00
5.39459583E+00
5.33173613E+00
5.26780584E+00
5.20280204E+00
5.13672164E+00
5.06956135E+00
5.00131773E+00
4.93198713E+00
4.86156568E+00
4.79004935E+00
4.71743383E+00
4.64371463E+00
4.56888697E+00
4.49294588E+00
4.41588606E+00
4.33770199E+00
4.25838783E+00
4.17793746E+00
4.09634444E+00
4.01360200E+00
3.92970304E+00
3.84464009E+00
3.75840532E+00
3.67099051E+00
3.58238704E+00
3.49258584E+00
3.40157745E+00
3.30935190E+00
3.21589876E+00
3.12120711E+00
3.02526547E+00
2.92806185E+00
2.82958367E+00
2.72981774E+00
2.62875028E+00
2.52636681E+00
2.42265222E+00
2.31759064E+00
2.21116549E+00
2.10335939E+00
1.99415415E+00
1.88353072E+00
1.77146917E+00
1.65794864E+00
1.54294728E+00
1.42644221E+00
1.30840949E+00
1.18882407E+00
1.06765968E+00
9.44888857E-01
8.20482823E-01
6.94411442E-01
5.66643153E-01
4.37144896E-01
3.05882034E-01
1.72818276E-01
3.79155869E-02
-9.88659013E-02
-2.37567988E-01
-3.78234509E-01
-5.20911446E-01
-6.65647049E-01
-8.12491960E-01
-9.61499355E-01
-1.11272509E+00
-1.26622786E+00
-1.42206937E+00
-1.58031454E+00
-1.74103166E+00
-1.90429269E+00
-2.07017343E+00
-2.23875382E+00
-2.41011825E+00
-2.58435584E+00
-2.76156085E+00
-2.94183307E+00
-3.12527826E+00
-3.31200867E+00
-3.50214364E+00
-3.69581024E+00
-3.89314407E+00
-4.09429008E+00
-4.29940368E+00
-4.50865187E+00
-4.72221471E+00
-4.94028695E+00
-5.16308009E+00
-5.39082474E+00
-5.62377361E+00
-5.86220496E+00
-6.10642706E+00
-6.35678348E+00
-6.61365976E+00
-6.87749168E+00
-7.14877566E+00
-7.42808182E+00
-7.71607051E+00
-8.01351340E+00
-8.32132029E+00
-8.64057370E+00
-8.97257331E+00
-9.31889358E+00
-9.68145868E+00
-1.00626404E+01
-1.04653868E+01
-1.08933923E+01
-1.13513241E+01
-1.18451266E+01
-1.23824360E+01
-1.29731543E+01
-1.36302635E+01
-1.43710188E+01
-1.52187735E+01
-1.62059335E+01
-1.73790964E+01
-1.88088236E+01
-2.06104338E+01
-2.29954673E+01
-2.64315695E+01
-3.23987150E+01
-1.00000000E+03
